#############################################################################
                  ARQUIVO DE ENTRADA DE DADOS
           PARA A DISCRETIZACAO DE UM SOLIDO  2486
             ATRAVES DO MESHLESS LOCAL PETROV-GALERKIN
#############################################################################
____________________________________________________________________________
   N DE PONTOS NO CONTORNO, N DE PONTOS NO DOMINIO,MAX PONTOS NO SUPORTE,
N DE CANTOS, TIPO DE APROX. P OBT. DAS FUNÇ. DE FORMA (1-LIN.,2-QUAD,3-CUB.)   
____________________________________________________________________________
   132,961,25,4,2
____________________________________________________________________________
   N DE P. DE GAUSS, MÓDULO DE ELASTICIDADE, COEF. POISSON,Espessura,CARGA,
 N DE NOS COM VALORES PRESCRITOS # DE ZERO,PONTOS ADICIONAIS NO SUPORTE
____________________________________________________________________________
   
   8,2000000.,0.3,1.,-0.64,0,20
____________________________________________________________________________
   Min de pontos no suporte do Pto de Gauss, PENALIDADE,
   FATOR DE AMPLIAÇAO DO SUPORTE DE INTEGRAÇÃO
____________________________________________________________________________
	17,1.E-12,1. 
____________________________________________________________________________
  NO DO CONT, COORD. X, COORD Y,NO DE CANTO (0-NÃO OU FINAL, 1-INICIAL),
	CANTO ANTERIOR SOMENTE PARA CANTO INICIAL(SENT ANTI-HORARIO POSITIVO), 
	TIPO DE PRESC (0-FORÇA, 1- DESL.) (Mn OU 0n) (Mns OU 0s) (Vn OU W)
_____________________________________________________________________________
1	1.000	1.000	1	100	0	0	0
2	1.250	1.000	0	0	0	0	0
3	1.500	1.000	0	0	0	0	0
4	1.750	1.000	0	0	0	0	0
5	2.000	1.000	0	0	0	0	0
6	2.250	1.000	0	0	0	0	0
7	2.500	1.000	0	0	0	0	0
8	2.750	1.000	0	0	0	0	0
9	3.000	1.000	0	0	0	0	0
10	3.250	1.000	0	0	0	0	0
11	3.500	1.000	0	0	0	0	0
12	3.750	1.000	0	0	0	0	0
13	4.000	1.000	0	0	0	0	0
14	4.250	1.000	0	0	0	0	0
15	4.500	1.000	0	0	0	0	0
16	4.750	1.000	0	0	0	0	0
17	5.000	1.000	0	0	0	0	0
18	5.250	1.000	0	0	0	0	0
19	5.500	1.000	0	0	0	0	0
20	5.750	1.000	0	0	0	0	0
21	6.000	1.000	0	0	0	0	0
22	6.250	1.000	0	0	0	0	0
23	6.500	1.000	0	0	0	0	0
24	6.750	1.000	0	0	0	0	0
25	7.000	1.000	0	0	0	0	0
26	7.250	1.000	0	0	0	0	0
27	7.500	1.000	0	0	0	0	0
28	7.750	1.000	0	0	0	0	0
29	8.000	1.000	0	0	0	0	0
30	8.250	1.000	0	0	0	0	0
31	8.500	1.000	0	0	0	0	0
32	8.750	1.000	0	0	0	0	0
33	9.000	1.000	0	0	0	0	0
34	9.000	1.000	1	1	0	0	0
35	9.000	1.125	0	0	0	0	0
36	9.000	1.250	0	0	0	0	0
37	9.000	1.375	0	0	0	0	0
38	9.000	1.500	0	0	0	0	0
39	9.000	1.625	0	0	0	0	0
40	9.000	1.750	0	0	0	0	0
41	9.000	1.875	0	0	0	0	0
42	9.000	2.000	0	0	0	0	0
43	9.000	2.125	0	0	0	0	0
44	9.000	2.250	0	0	0	0	0
45	9.000	2.375	0	0	0	0	0
46	9.000	2.500	0	0	0	0	0
47	9.000	2.625	0	0	0	0	0
48	9.000	2.750	0	0	0	0	0
49	9.000	2.875	0	0	0	0	0
50	9.000	3.000	0	0	0	0	0
51	9.000	3.125	0	0	0	0	0
52	9.000	3.250	0	0	0	0	0
53	9.000	3.375	0	0	0	0	0
54	9.000	3.500	0	0	0	0	0
55	9.000	3.625	0	0	0	0	0
56	9.000	3.750	0	0	0	0	0
57	9.000	3.875	0	0	0	0	0
58	9.000	4.000	0	0	0	0	0
59	9.000	4.125	0	0	0	0	0
60	9.000	4.250	0	0	0	0	0
61	9.000	4.375	0	0	0	0	0
62	9.000	4.500	0	0	0	0	0
63	9.000	4.625	0	0	0	0	0
64	9.000	4.750	0	0	0	0	0
65	9.000	4.875	0	0	0	0	0
66	9.000	5.000	0	0	0	0	0
67	9.000	5.000	1	34	0	0	0
68	8.750	5.000	0	0	0	0	0
69	8.500	5.000	0	0	0	0	0
70	8.250	5.000	0	0	0	0	0
71	8.000	5.000	0	0	0	0	0
72	7.750	5.000	0	0	0	0	0
73	7.500	5.000	0	0	0	0	0
74	7.250	5.000	0	0	0	0	0
75	7.000	5.000	0	0	0	0	0
76	6.750	5.000	0	0	0	0	0
77	6.500	5.000	0	0	0	0	0
78	6.250	5.000	0	0	0	0	0
79	6.000	5.000	0	0	0	0	0
80	5.750	5.000	0	0	0	0	0
81	5.500	5.000	0	0	0	0	0
82	5.250	5.000	0	0	0	0	0
83	5.000	5.000	0	0	0	0	0
84	4.750	5.000	0	0	0	0	0
85	4.500	5.000	0	0	0	0	0
86	4.250	5.000	0	0	0	0	0
87	4.000	5.000	0	0	0	0	0
88	3.750	5.000	0	0	0	0	0
89	3.500	5.000	0	0	0	0	0
90	3.250	5.000	0	0	0	0	0
91	3.000	5.000	0	0	0	0	0
92	2.750	5.000	0	0	0	0	0
93	2.500	5.000	0	0	0	0	0
94	2.250	5.000	0	0	0	0	0
95	2.000	5.000	0	0	0	0	0
96	1.750	5.000	0	0	0	0	0
97	1.500	5.000	0	0	0	0	0
98	1.250	5.000	0	0	0	0	0
99	1.000	5.000	0	0	0	0	0
100	1.000	5.000	1	67	1	1	1
101	1.000	4.875	0	0	1	1	1
102	1.000	4.750	0	0	1	1	1
103	1.000	4.625	0	0	1	1	1
104	1.000	4.500	0	0	1	1	1
105	1.000	4.375	0	0	1	1	1
106	1.000	4.250	0	0	1	1	1
107	1.000	4.125	0	0	1	1	1
108	1.000	4.000	0	0	1	1	1
109	1.000	3.875	0	0	1	1	1
110	1.000	3.750	0	0	1	1	1
111	1.000	3.625	0	0	1	1	1
112	1.000	3.500	0	0	1	1	1
113	1.000	3.375	0	0	1	1	1
114	1.000	3.250	0	0	1	1	1
115	1.000	3.125	0	0	1	1	1
116	1.000	3.000	0	0	1	1	1
117	1.000	2.875	0	0	1	1	1
118	1.000	2.750	0	0	1	1	1
119	1.000	2.625	0	0	1	1	1
120	1.000	2.500	0	0	1	1	1
121	1.000	2.375	0	0	1	1	1
122	1.000	2.250	0	0	1	1	1
123	1.000	2.125	0	0	1	1	1
124	1.000	2.000	0	0	1	1	1
125	1.000	1.875	0	0	1	1	1
126	1.000	1.750	0	0	1	1	1
127	1.000	1.625	0	0	1	1	1
128	1.000	1.500	0	0	1	1	1
129	1.000	1.375	0	0	1	1	1
130	1.000	1.250	0	0	1	1	1
131	1.000	1.125	0	0	1	1	1
132	1.000	1.000	0	0	1	1	1
_____________________________________________________________________________
 NÓS DO CONTORNO COM VALORES PRESCRITOS DIFERENTES DE ZERO (por enquanto todos os nós de um lado 
 NO   (Mn OU 0n)  (Ms OU 0s)	(Vn OU W) 					recebem a mesma prescrição do canto inicial do lado)  
_____________________________________________________________________________
_____________________________________________________________________________
  NO INTERNO, COORD X, COORD Y
_____________________________________________________________________________
133 	1.250	1.125
134 	1.500	1.125
135 	1.750	1.125
136 	2.000	1.125
137 	2.250	1.125
138 	2.500	1.125
139 	2.750	1.125
140 	3.000	1.125
141 	3.250	1.125
142 	3.500	1.125
143 	3.750	1.125
144 	4.000	1.125
145 	4.250	1.125
146 	4.500	1.125
147 	4.750	1.125
148 	5.000	1.125
149 	5.250	1.125
150 	5.500	1.125
151 	5.750	1.125
152 	6.000	1.125
153 	6.250	1.125
154 	6.500	1.125
155 	6.750	1.125
156 	7.000	1.125
157 	7.250	1.125
158 	7.500	1.125
159 	7.750	1.125
160 	8.000	1.125
161 	8.250	1.125
162 	8.500	1.125
163 	8.750	1.125
164 	1.250	1.250
165 	1.500	1.250
166 	1.750	1.250
167 	2.000	1.250
168 	2.250	1.250
169 	2.500	1.250
170 	2.750	1.250
171 	3.000	1.250
172 	3.250	1.250
173 	3.500	1.250
174 	3.750	1.250
175 	4.000	1.250
176 	4.250	1.250
177 	4.500	1.250
178 	4.750	1.250
179 	5.000	1.250
180 	5.250	1.250
181 	5.500	1.250
182 	5.750	1.250
183 	6.000	1.250
184 	6.250	1.250
185 	6.500	1.250
186 	6.750	1.250
187 	7.000	1.250
188 	7.250	1.250
189 	7.500	1.250
190 	7.750	1.250
191 	8.000	1.250
192 	8.250	1.250
193 	8.500	1.250
194 	8.750	1.250
195 	1.250	1.375
196 	1.500	1.375
197 	1.750	1.375
198 	2.000	1.375
199 	2.250	1.375
200 	2.500	1.375
201 	2.750	1.375
202 	3.000	1.375
203 	3.250	1.375
204 	3.500	1.375
205 	3.750	1.375
206 	4.000	1.375
207 	4.250	1.375
208 	4.500	1.375
209 	4.750	1.375
210 	5.000	1.375
211 	5.250	1.375
212 	5.500	1.375
213 	5.750	1.375
214 	6.000	1.375
215 	6.250	1.375
216 	6.500	1.375
217 	6.750	1.375
218 	7.000	1.375
219 	7.250	1.375
220 	7.500	1.375
221 	7.750	1.375
222 	8.000	1.375
223 	8.250	1.375
224 	8.500	1.375
225 	8.750	1.375
226 	1.250	1.500
227 	1.500	1.500
228 	1.750	1.500
229 	2.000	1.500
230 	2.250	1.500
231 	2.500	1.500
232 	2.750	1.500
233 	3.000	1.500
234 	3.250	1.500
235 	3.500	1.500
236 	3.750	1.500
237 	4.000	1.500
238 	4.250	1.500
239 	4.500	1.500
240 	4.750	1.500
241 	5.000	1.500
242 	5.250	1.500
243 	5.500	1.500
244 	5.750	1.500
245 	6.000	1.500
246 	6.250	1.500
247 	6.500	1.500
248 	6.750	1.500
249 	7.000	1.500
250 	7.250	1.500
251 	7.500	1.500
252 	7.750	1.500
253 	8.000	1.500
254 	8.250	1.500
255 	8.500	1.500
256 	8.750	1.500
257 	1.250	1.625
258 	1.500	1.625
259 	1.750	1.625
260 	2.000	1.625
261 	2.250	1.625
262 	2.500	1.625
263 	2.750	1.625
264 	3.000	1.625
265 	3.250	1.625
266 	3.500	1.625
267 	3.750	1.625
268 	4.000	1.625
269 	4.250	1.625
270 	4.500	1.625
271 	4.750	1.625
272 	5.000	1.625
273 	5.250	1.625
274 	5.500	1.625
275 	5.750	1.625
276 	6.000	1.625
277 	6.250	1.625
278 	6.500	1.625
279 	6.750	1.625
280 	7.000	1.625
281 	7.250	1.625
282 	7.500	1.625
283 	7.750	1.625
284 	8.000	1.625
285 	8.250	1.625
286 	8.500	1.625
287 	8.750	1.625
288 	1.250	1.750
289 	1.500	1.750
290 	1.750	1.750
291 	2.000	1.750
292 	2.250	1.750
293 	2.500	1.750
294 	2.750	1.750
295 	3.000	1.750
296 	3.250	1.750
297 	3.500	1.750
298 	3.750	1.750
299 	4.000	1.750
300 	4.250	1.750
301 	4.500	1.750
302 	4.750	1.750
303 	5.000	1.750
304 	5.250	1.750
305 	5.500	1.750
306 	5.750	1.750
307 	6.000	1.750
308 	6.250	1.750
309 	6.500	1.750
310 	6.750	1.750
311 	7.000	1.750
312 	7.250	1.750
313 	7.500	1.750
314 	7.750	1.750
315 	8.000	1.750
316 	8.250	1.750
317 	8.500	1.750
318 	8.750	1.750
319 	1.250	1.875
320 	1.500	1.875
321 	1.750	1.875
322 	2.000	1.875
323 	2.250	1.875
324 	2.500	1.875
325 	2.750	1.875
326 	3.000	1.875
327 	3.250	1.875
328 	3.500	1.875
329 	3.750	1.875
330 	4.000	1.875
331 	4.250	1.875
332 	4.500	1.875
333 	4.750	1.875
334 	5.000	1.875
335 	5.250	1.875
336 	5.500	1.875
337 	5.750	1.875
338 	6.000	1.875
339 	6.250	1.875
340 	6.500	1.875
341 	6.750	1.875
342 	7.000	1.875
343 	7.250	1.875
344 	7.500	1.875
345 	7.750	1.875
346 	8.000	1.875
347 	8.250	1.875
348 	8.500	1.875
349 	8.750	1.875
350 	1.250	2.000
351 	1.500	2.000
352 	1.750	2.000
353 	2.000	2.000
354 	2.250	2.000
355 	2.500	2.000
356 	2.750	2.000
357 	3.000	2.000
358 	3.250	2.000
359 	3.500	2.000
360 	3.750	2.000
361 	4.000	2.000
362 	4.250	2.000
363 	4.500	2.000
364 	4.750	2.000
365 	5.000	2.000
366 	5.250	2.000
367 	5.500	2.000
368 	5.750	2.000
369 	6.000	2.000
370 	6.250	2.000
371 	6.500	2.000
372 	6.750	2.000
373 	7.000	2.000
374 	7.250	2.000
375 	7.500	2.000
376 	7.750	2.000
377 	8.000	2.000
378 	8.250	2.000
379 	8.500	2.000
380 	8.750	2.000
381 	1.250	2.125
382 	1.500	2.125
383 	1.750	2.125
384 	2.000	2.125
385 	2.250	2.125
386 	2.500	2.125
387 	2.750	2.125
388 	3.000	2.125
389 	3.250	2.125
390 	3.500	2.125
391 	3.750	2.125
392 	4.000	2.125
393 	4.250	2.125
394 	4.500	2.125
395 	4.750	2.125
396 	5.000	2.125
397 	5.250	2.125
398 	5.500	2.125
399 	5.750	2.125
400 	6.000	2.125
401 	6.250	2.125
402 	6.500	2.125
403 	6.750	2.125
404 	7.000	2.125
405 	7.250	2.125
406 	7.500	2.125
407 	7.750	2.125
408 	8.000	2.125
409 	8.250	2.125
410 	8.500	2.125
411 	8.750	2.125
412 	1.250	2.250
413 	1.500	2.250
414 	1.750	2.250
415 	2.000	2.250
416 	2.250	2.250
417 	2.500	2.250
418 	2.750	2.250
419 	3.000	2.250
420 	3.250	2.250
421 	3.500	2.250
422 	3.750	2.250
423 	4.000	2.250
424 	4.250	2.250
425 	4.500	2.250
426 	4.750	2.250
427 	5.000	2.250
428 	5.250	2.250
429 	5.500	2.250
430 	5.750	2.250
431 	6.000	2.250
432 	6.250	2.250
433 	6.500	2.250
434 	6.750	2.250
435 	7.000	2.250
436 	7.250	2.250
437 	7.500	2.250
438 	7.750	2.250
439 	8.000	2.250
440 	8.250	2.250
441 	8.500	2.250
442 	8.750	2.250
443 	1.250	2.375
444 	1.500	2.375
445 	1.750	2.375
446 	2.000	2.375
447 	2.250	2.375
448 	2.500	2.375
449 	2.750	2.375
450 	3.000	2.375
451 	3.250	2.375
452 	3.500	2.375
453 	3.750	2.375
454 	4.000	2.375
455 	4.250	2.375
456 	4.500	2.375
457 	4.750	2.375
458 	5.000	2.375
459 	5.250	2.375
460 	5.500	2.375
461 	5.750	2.375
462 	6.000	2.375
463 	6.250	2.375
464 	6.500	2.375
465 	6.750	2.375
466 	7.000	2.375
467 	7.250	2.375
468 	7.500	2.375
469 	7.750	2.375
470 	8.000	2.375
471 	8.250	2.375
472 	8.500	2.375
473 	8.750	2.375
474 	1.250	2.500
475 	1.500	2.500
476 	1.750	2.500
477 	2.000	2.500
478 	2.250	2.500
479 	2.500	2.500
480 	2.750	2.500
481 	3.000	2.500
482 	3.250	2.500
483 	3.500	2.500
484 	3.750	2.500
485 	4.000	2.500
486 	4.250	2.500
487 	4.500	2.500
488 	4.750	2.500
489 	5.000	2.500
490 	5.250	2.500
491 	5.500	2.500
492 	5.750	2.500
493 	6.000	2.500
494 	6.250	2.500
495 	6.500	2.500
496 	6.750	2.500
497 	7.000	2.500
498 	7.250	2.500
499 	7.500	2.500
500 	7.750	2.500
501 	8.000	2.500
502 	8.250	2.500
503 	8.500	2.500
504 	8.750	2.500
505 	1.250	2.625
506 	1.500	2.625
507 	1.750	2.625
508 	2.000	2.625
509 	2.250	2.625
510 	2.500	2.625
511 	2.750	2.625
512 	3.000	2.625
513 	3.250	2.625
514 	3.500	2.625
515 	3.750	2.625
516 	4.000	2.625
517 	4.250	2.625
518 	4.500	2.625
519 	4.750	2.625
520 	5.000	2.625
521 	5.250	2.625
522 	5.500	2.625
523 	5.750	2.625
524 	6.000	2.625
525 	6.250	2.625
526 	6.500	2.625
527 	6.750	2.625
528 	7.000	2.625
529 	7.250	2.625
530 	7.500	2.625
531 	7.750	2.625
532 	8.000	2.625
533 	8.250	2.625
534 	8.500	2.625
535 	8.750	2.625
536 	1.250	2.750
537 	1.500	2.750
538 	1.750	2.750
539 	2.000	2.750
540 	2.250	2.750
541 	2.500	2.750
542 	2.750	2.750
543 	3.000	2.750
544 	3.250	2.750
545 	3.500	2.750
546 	3.750	2.750
547 	4.000	2.750
548 	4.250	2.750
549 	4.500	2.750
550 	4.750	2.750
551 	5.000	2.750
552 	5.250	2.750
553 	5.500	2.750
554 	5.750	2.750
555 	6.000	2.750
556 	6.250	2.750
557 	6.500	2.750
558 	6.750	2.750
559 	7.000	2.750
560 	7.250	2.750
561 	7.500	2.750
562 	7.750	2.750
563 	8.000	2.750
564 	8.250	2.750
565 	8.500	2.750
566 	8.750	2.750
567 	1.250	2.875
568 	1.500	2.875
569 	1.750	2.875
570 	2.000	2.875
571 	2.250	2.875
572 	2.500	2.875
573 	2.750	2.875
574 	3.000	2.875
575 	3.250	2.875
576 	3.500	2.875
577 	3.750	2.875
578 	4.000	2.875
579 	4.250	2.875
580 	4.500	2.875
581 	4.750	2.875
582 	5.000	2.875
583 	5.250	2.875
584 	5.500	2.875
585 	5.750	2.875
586 	6.000	2.875
587 	6.250	2.875
588 	6.500	2.875
589 	6.750	2.875
590 	7.000	2.875
591 	7.250	2.875
592 	7.500	2.875
593 	7.750	2.875
594 	8.000	2.875
595 	8.250	2.875
596 	8.500	2.875
597 	8.750	2.875
598 	1.250	3.000
599 	1.500	3.000
600 	1.750	3.000
601 	2.000	3.000
602 	2.250	3.000
603 	2.500	3.000
604 	2.750	3.000
605 	3.000	3.000
606 	3.250	3.000
607 	3.500	3.000
608 	3.750	3.000
609 	4.000	3.000
610 	4.250	3.000
611 	4.500	3.000
612 	4.750	3.000
613 	5.000	3.000
614 	5.250	3.000
615 	5.500	3.000
616 	5.750	3.000
617 	6.000	3.000
618 	6.250	3.000
619 	6.500	3.000
620 	6.750	3.000
621 	7.000	3.000
622 	7.250	3.000
623 	7.500	3.000
624 	7.750	3.000
625 	8.000	3.000
626 	8.250	3.000
627 	8.500	3.000
628 	8.750	3.000
629 	1.250	3.125
630 	1.500	3.125
631 	1.750	3.125
632 	2.000	3.125
633 	2.250	3.125
634 	2.500	3.125
635 	2.750	3.125
636 	3.000	3.125
637 	3.250	3.125
638 	3.500	3.125
639 	3.750	3.125
640 	4.000	3.125
641 	4.250	3.125
642 	4.500	3.125
643 	4.750	3.125
644 	5.000	3.125
645 	5.250	3.125
646 	5.500	3.125
647 	5.750	3.125
648 	6.000	3.125
649 	6.250	3.125
650 	6.500	3.125
651 	6.750	3.125
652 	7.000	3.125
653 	7.250	3.125
654 	7.500	3.125
655 	7.750	3.125
656 	8.000	3.125
657 	8.250	3.125
658 	8.500	3.125
659 	8.750	3.125
660 	1.250	3.250
661 	1.500	3.250
662 	1.750	3.250
663 	2.000	3.250
664 	2.250	3.250
665 	2.500	3.250
666 	2.750	3.250
667 	3.000	3.250
668 	3.250	3.250
669 	3.500	3.250
670 	3.750	3.250
671 	4.000	3.250
672 	4.250	3.250
673 	4.500	3.250
674 	4.750	3.250
675 	5.000	3.250
676 	5.250	3.250
677 	5.500	3.250
678 	5.750	3.250
679 	6.000	3.250
680 	6.250	3.250
681 	6.500	3.250
682 	6.750	3.250
683 	7.000	3.250
684 	7.250	3.250
685 	7.500	3.250
686 	7.750	3.250
687 	8.000	3.250
688 	8.250	3.250
689 	8.500	3.250
690 	8.750	3.250
691 	1.250	3.375
692 	1.500	3.375
693 	1.750	3.375
694 	2.000	3.375
695 	2.250	3.375
696 	2.500	3.375
697 	2.750	3.375
698 	3.000	3.375
699 	3.250	3.375
700 	3.500	3.375
701 	3.750	3.375
702 	4.000	3.375
703 	4.250	3.375
704 	4.500	3.375
705 	4.750	3.375
706 	5.000	3.375
707 	5.250	3.375
708 	5.500	3.375
709 	5.750	3.375
710 	6.000	3.375
711 	6.250	3.375
712 	6.500	3.375
713 	6.750	3.375
714 	7.000	3.375
715 	7.250	3.375
716 	7.500	3.375
717 	7.750	3.375
718 	8.000	3.375
719 	8.250	3.375
720 	8.500	3.375
721 	8.750	3.375
722 	1.250	3.500
723 	1.500	3.500
724 	1.750	3.500
725 	2.000	3.500
726 	2.250	3.500
727 	2.500	3.500
728 	2.750	3.500
729 	3.000	3.500
730 	3.250	3.500
731 	3.500	3.500
732 	3.750	3.500
733 	4.000	3.500
734 	4.250	3.500
735 	4.500	3.500
736 	4.750	3.500
737 	5.000	3.500
738 	5.250	3.500
739 	5.500	3.500
740 	5.750	3.500
741 	6.000	3.500
742 	6.250	3.500
743 	6.500	3.500
744 	6.750	3.500
745 	7.000	3.500
746 	7.250	3.500
747 	7.500	3.500
748 	7.750	3.500
749 	8.000	3.500
750 	8.250	3.500
751 	8.500	3.500
752 	8.750	3.500
753 	1.250	3.625
754 	1.500	3.625
755 	1.750	3.625
756 	2.000	3.625
757 	2.250	3.625
758 	2.500	3.625
759 	2.750	3.625
760 	3.000	3.625
761 	3.250	3.625
762 	3.500	3.625
763 	3.750	3.625
764 	4.000	3.625
765 	4.250	3.625
766 	4.500	3.625
767 	4.750	3.625
768 	5.000	3.625
769 	5.250	3.625
770 	5.500	3.625
771 	5.750	3.625
772 	6.000	3.625
773 	6.250	3.625
774 	6.500	3.625
775 	6.750	3.625
776 	7.000	3.625
777 	7.250	3.625
778 	7.500	3.625
779 	7.750	3.625
780 	8.000	3.625
781 	8.250	3.625
782 	8.500	3.625
783 	8.750	3.625
784 	1.250	3.750
785 	1.500	3.750
786 	1.750	3.750
787 	2.000	3.750
788 	2.250	3.750
789 	2.500	3.750
790 	2.750	3.750
791 	3.000	3.750
792 	3.250	3.750
793 	3.500	3.750
794 	3.750	3.750
795 	4.000	3.750
796 	4.250	3.750
797 	4.500	3.750
798 	4.750	3.750
799 	5.000	3.750
800 	5.250	3.750
801 	5.500	3.750
802 	5.750	3.750
803 	6.000	3.750
804 	6.250	3.750
805 	6.500	3.750
806 	6.750	3.750
807 	7.000	3.750
808 	7.250	3.750
809 	7.500	3.750
810 	7.750	3.750
811 	8.000	3.750
812 	8.250	3.750
813 	8.500	3.750
814 	8.750	3.750
815 	1.250	3.875
816 	1.500	3.875
817 	1.750	3.875
818 	2.000	3.875
819 	2.250	3.875
820 	2.500	3.875
821 	2.750	3.875
822 	3.000	3.875
823 	3.250	3.875
824 	3.500	3.875
825 	3.750	3.875
826 	4.000	3.875
827 	4.250	3.875
828 	4.500	3.875
829 	4.750	3.875
830 	5.000	3.875
831 	5.250	3.875
832 	5.500	3.875
833 	5.750	3.875
834 	6.000	3.875
835 	6.250	3.875
836 	6.500	3.875
837 	6.750	3.875
838 	7.000	3.875
839 	7.250	3.875
840 	7.500	3.875
841 	7.750	3.875
842 	8.000	3.875
843 	8.250	3.875
844 	8.500	3.875
845 	8.750	3.875
846 	1.250	4.000
847 	1.500	4.000
848 	1.750	4.000
849 	2.000	4.000
850 	2.250	4.000
851 	2.500	4.000
852 	2.750	4.000
853 	3.000	4.000
854 	3.250	4.000
855 	3.500	4.000
856 	3.750	4.000
857 	4.000	4.000
858 	4.250	4.000
859 	4.500	4.000
860 	4.750	4.000
861 	5.000	4.000
862 	5.250	4.000
863 	5.500	4.000
864 	5.750	4.000
865 	6.000	4.000
866 	6.250	4.000
867 	6.500	4.000
868 	6.750	4.000
869 	7.000	4.000
870 	7.250	4.000
871 	7.500	4.000
872 	7.750	4.000
873 	8.000	4.000
874 	8.250	4.000
875 	8.500	4.000
876 	8.750	4.000
877 	1.250	4.125
878 	1.500	4.125
879 	1.750	4.125
880 	2.000	4.125
881 	2.250	4.125
882 	2.500	4.125
883 	2.750	4.125
884 	3.000	4.125
885 	3.250	4.125
886 	3.500	4.125
887 	3.750	4.125
888 	4.000	4.125
889 	4.250	4.125
890 	4.500	4.125
891 	4.750	4.125
892 	5.000	4.125
893 	5.250	4.125
894 	5.500	4.125
895 	5.750	4.125
896 	6.000	4.125
897 	6.250	4.125
898 	6.500	4.125
899 	6.750	4.125
900 	7.000	4.125
901 	7.250	4.125
902 	7.500	4.125
903 	7.750	4.125
904 	8.000	4.125
905 	8.250	4.125
906 	8.500	4.125
907 	8.750	4.125
908 	1.250	4.250
909 	1.500	4.250
910 	1.750	4.250
911 	2.000	4.250
912 	2.250	4.250
913 	2.500	4.250
914 	2.750	4.250
915 	3.000	4.250
916 	3.250	4.250
917 	3.500	4.250
918 	3.750	4.250
919 	4.000	4.250
920 	4.250	4.250
921 	4.500	4.250
922 	4.750	4.250
923 	5.000	4.250
924 	5.250	4.250
925 	5.500	4.250
926 	5.750	4.250
927 	6.000	4.250
928 	6.250	4.250
929 	6.500	4.250
930 	6.750	4.250
931 	7.000	4.250
932 	7.250	4.250
933 	7.500	4.250
934 	7.750	4.250
935 	8.000	4.250
936 	8.250	4.250
937 	8.500	4.250
938 	8.750	4.250
939 	1.250	4.375
940 	1.500	4.375
941 	1.750	4.375
942 	2.000	4.375
943 	2.250	4.375
944 	2.500	4.375
945 	2.750	4.375
946 	3.000	4.375
947 	3.250	4.375
948 	3.500	4.375
949 	3.750	4.375
950 	4.000	4.375
951 	4.250	4.375
952 	4.500	4.375
953 	4.750	4.375
954 	5.000	4.375
955 	5.250	4.375
956 	5.500	4.375
957 	5.750	4.375
958 	6.000	4.375
959 	6.250	4.375
960 	6.500	4.375
961 	6.750	4.375
962 	7.000	4.375
963 	7.250	4.375
964 	7.500	4.375
965 	7.750	4.375
966 	8.000	4.375
967 	8.250	4.375
968 	8.500	4.375
969 	8.750	4.375
970 	1.250	4.500
971 	1.500	4.500
972 	1.750	4.500
973 	2.000	4.500
974 	2.250	4.500
975 	2.500	4.500
976 	2.750	4.500
977 	3.000	4.500
978 	3.250	4.500
979 	3.500	4.500
980 	3.750	4.500
981 	4.000	4.500
982 	4.250	4.500
983 	4.500	4.500
984 	4.750	4.500
985 	5.000	4.500
986 	5.250	4.500
987 	5.500	4.500
988 	5.750	4.500
989 	6.000	4.500
990 	6.250	4.500
991 	6.500	4.500
992 	6.750	4.500
993 	7.000	4.500
994 	7.250	4.500
995 	7.500	4.500
996 	7.750	4.500
997 	8.000	4.500
998 	8.250	4.500
999 	8.500	4.500
1000	8.750	4.500
1001	1.250	4.625
1002	1.500	4.625
1003	1.750	4.625
1004	2.000	4.625
1005	2.250	4.625
1006	2.500	4.625
1007	2.750	4.625
1008	3.000	4.625
1009	3.250	4.625
1010	3.500	4.625
1011	3.750	4.625
1012	4.000	4.625
1013	4.250	4.625
1014	4.500	4.625
1015	4.750	4.625
1016	5.000	4.625
1017	5.250	4.625
1018	5.500	4.625
1019	5.750	4.625
1020	6.000	4.625
1021	6.250	4.625
1022	6.500	4.625
1023	6.750	4.625
1024	7.000	4.625
1025	7.250	4.625
1026	7.500	4.625
1027	7.750	4.625
1028	8.000	4.625
1029	8.250	4.625
1030	8.500	4.625
1031	8.750	4.625
1032	1.250	4.750
1033	1.500	4.750
1034	1.750	4.750
1035	2.000	4.750
1036	2.250	4.750
1037	2.500	4.750
1038	2.750	4.750
1039	3.000	4.750
1040	3.250	4.750
1041	3.500	4.750
1042	3.750	4.750
1043	4.000	4.750
1044	4.250	4.750
1045	4.500	4.750
1046	4.750	4.750
1047	5.000	4.750
1048	5.250	4.750
1049	5.500	4.750
1050	5.750	4.750
1051	6.000	4.750
1052	6.250	4.750
1053	6.500	4.750
1054	6.750	4.750
1055	7.000	4.750
1056	7.250	4.750
1057	7.500	4.750
1058	7.750	4.750
1059	8.000	4.750
1060	8.250	4.750
1061	8.500	4.750
1062	8.750	4.750
1063	1.250	4.875
1064	1.500	4.875
1065	1.750	4.875
1066	2.000	4.875
1067	2.250	4.875
1068	2.500	4.875
1069	2.750	4.875
1070	3.000	4.875
1071	3.250	4.875
1072	3.500	4.875
1073	3.750	4.875
1074	4.000	4.875
1075	4.250	4.875
1076	4.500	4.875
1077	4.750	4.875
1078	5.000	4.875
1079	5.250	4.875
1080	5.500	4.875
1081	5.750	4.875
1082	6.000	4.875
1083	6.250	4.875
1084	6.500	4.875
1085	6.750	4.875
1086	7.000	4.875
1087	7.250	4.875
1088	7.500	4.875
1089	7.750	4.875
1090	8.000	4.875
1091	8.250	4.875
1092	8.500	4.875
1093	8.750	4.875
