#############################################################################
                  ARQUIVO DE ENTRADA DE DADOS
           PARA A DISCRETIZACAO DE UM SOLIDO  2486
             ATRAVES DO MESHLESS LOCAL PETROV-GALERKIN
#############################################################################
____________________________________________________________________________
   N DE PONTOS NO CONTORNO, N DE PONTOS NO DOMINIO,MAX PONTOS NO SUPORTE,
N DE CANTOS, TIPO DE APROX. P OBT. DAS FUNÇ. DE FORMA (1-LIN.,2-QUAD,3-CUB.)   
____________________________________________________________________________
   68,225,25,4,2
____________________________________________________________________________
   N DE P. DE GAUSS, MÓDULO DE ELASTICIDADE, COEF. POISSON,Espessura,CARGA,
 N DE NOS COM VALORES PRESCRITOS # DE ZERO,PONTOS ADICIONAIS NO SUPORTE
____________________________________________________________________________
   
   8,2000000.,0.3,1.,-0.64,0,3
____________________________________________________________________________
   Min de pontos no suporte do Pto de Gauss, PENALIDADE,
   FATOR DE AMPLIAÇAO DO SUPORTE DE INTEGRAÇÃO
____________________________________________________________________________
	25,1.E-12,1. 
____________________________________________________________________________
  NO DO CONT, COORD. X, COORD Y,NO DE CANTO (0-NÃO OU FINAL, 1-INICIAL),
	CANTO ANTERIOR SOMENTE PARA CANTO INICIAL(SENT ANTI-HORARIO POSITIVO), 
	TIPO DE PRESC (0-FORÇA, 1- DESL.) (Mn OU 0n) (Mns OU 0s) (Vn OU W)
_____________________________________________________________________________
1	1.00	1.00	1	52	1	1	1
2	1.25	1.00	0	0	1	1	1
3	1.50	1.00	0	0	1	1	1
4	1.75	1.00	0	0	1	1	1
5	2.00	1.00	0	0	1	1	1
6	2.25	1.00	0	0	1	1	1
7	2.50	1.00	0	0	1	1	1
8	2.75	1.00	0	0	1	1	1
9	3.00	1.00	0	0	1	1	1
10	3.25	1.00	0	0	1	1	1
11	3.50	1.00	0	0	1	1	1
12	3.75	1.00	0	0	1	1	1
13	4.00	1.00	0	0	1	1	1
14	4.25	1.00	0	0	1	1	1
15	4.50	1.00	0	0	1	1	1
16	4.75	1.00	0	0	1	1	1
17	5.00	1.00	0	0	1	1	1
18	5.00	1.00	1	1	1	1	1
19	5.00	1.25	0	0	1	1	1
20	5.00	1.50	0	0	1	1	1
21	5.00	1.75	0	0	1	1	1
22	5.00	2.00	0	0	1	1	1
23	5.00	2.25	0	0	1	1	1
24	5.00	2.50	0	0	1	1	1
25	5.00	2.75	0	0	1	1	1
26	5.00	3.00	0	0	1	1	1
27	5.00	3.25	0	0	1	1	1
28	5.00	3.50	0	0	1	1	1
29	5.00	3.75	0	0	1	1	1
30	5.00	4.00	0	0	1	1	1
31	5.00	4.25	0	0	1	1	1
32	5.00	4.50	0	0	1	1	1
33	5.00	4.75	0	0	1	1	1
34	5.00	5.00	0	0	1	1	1
35	5.00	5.00	1	18	1	1	1
36	4.75	5.00	0	0	1	1	1
37	4.50	5.00	0	0	1	1	1
38	4.25	5.00	0	0	1	1	1
39	4.00	5.00	0	0	1	1	1
40	3.75	5.00	0	0	1	1	1
41	3.50	5.00	0	0	1	1	1
42	3.25	5.00	0	0	1	1	1
43	3.00	5.00	0	0	1	1	1
44	2.75	5.00	0	0	1	1	1
45	2.50	5.00	0	0	1	1	1
46	2.25	5.00	0	0	1	1	1
47	2.00	5.00	0	0	1	1	1
48	1.75	5.00	0	0	1	1	1
49	1.50	5.00	0	0	1	1	1
50	1.25	5.00	0	0	1	1	1
51	1.00	5.00	0	0	1	1	1
52	1.00	5.00	1	35	1	1	1
53	1.00	4.75	0	0	1	1	1
54	1.00	4.50	0	0	1	1	1
55	1.00	4.25	0	0	1	1	1
56	1.00	4.00	0	0	1	1	1
57	1.00	3.75	0	0	1	1	1
58	1.00	3.50	0	0	1	1	1
59	1.00	3.25	0	0	1	1	1
60	1.00	3.00	0	0	1	1	1
61	1.00	2.75	0	0	1	1	1
62	1.00	2.50	0	0	1	1	1
63	1.00	2.25	0	0	1	1	1
64	1.00	2.00	0	0	1	1	1
65	1.00	1.75	0	0	1	1	1
66	1.00	1.50	0	0	1	1	1
67	1.00	1.25	0	0	1	1	1
68	1.00	1.00	0	0	1	1	1
_____________________________________________________________________________
 NÓS DO CONTORNO COM VALORES PRESCRITOS DIFERENTES DE ZERO (por enquanto todos os nós de um lado 
 NO   (Mn OU 0n)  (Ms OU 0s)	(Vn OU W) 					recebem a mesma prescrição do canto inicial do lado)  
_____________________________________________________________________________
_____________________________________________________________________________
  NO INTERNO, COORD X, COORD Y
_____________________________________________________________________________
69	1.250	1.250
70	1.500	1.250
71	1.750	1.250
72	2.000	1.250
73	2.250	1.250
74	2.500	1.250
75	2.750	1.250
76	3.000	1.250
77	3.250	1.250
78	3.500	1.250
79	3.750	1.250
80	4.000	1.250
81	4.250	1.250
82	4.500	1.250
83	4.750	1.250
84	1.250	1.500
85	1.500	1.500
86	1.750	1.500
87	2.000	1.500
88	2.250	1.500
89	2.500	1.500
90	2.750	1.500
91	3.000	1.500
92	3.250	1.500
93	3.500	1.500
94	3.750	1.500
95	4.000	1.500
96	4.250	1.500
97	4.500	1.500
98	4.750	1.500
99	1.250	1.750
100	1.500	1.750
101	1.750	1.750
102	2.000	1.750
103	2.250	1.750
104	2.500	1.750
105	2.750	1.750
106	3.000	1.750
107	3.250	1.750
108	3.500	1.750
109	3.750	1.750
110	4.000	1.750
111	4.250	1.750
112	4.500	1.750
113	4.750	1.750
114	1.250	2.000
115	1.500	2.000
116	1.750	2.000
117	2.000	2.000
118	2.250	2.000
119	2.500	2.000
120	2.750	2.000
121	3.000	2.000
122	3.250	2.000
123	3.500	2.000
124	3.750	2.000
125	4.000	2.000
126	4.250	2.000
127	4.500	2.000
128	4.750	2.000
129	1.250	2.250
130	1.500	2.250
131	1.750	2.250
132	2.000	2.250
133	2.250	2.250
134	2.500	2.250
135	2.750	2.250
136	3.000	2.250
137	3.250	2.250
138	3.500	2.250
139	3.750	2.250
140	4.000	2.250
141	4.250	2.250
142	4.500	2.250
143	4.750	2.250
144	1.250	2.500
145	1.500	2.500
146	1.750	2.500
147	2.000	2.500
148	2.250	2.500
149	2.500	2.500
150	2.750	2.500
151	3.000	2.500
152	3.250	2.500
153	3.500	2.500
154	3.750	2.500
155	4.000	2.500
156	4.250	2.500
157	4.500	2.500
158	4.750	2.500
159	1.250	2.750
160	1.500	2.750
161	1.750	2.750
162	2.000	2.750
163	2.250	2.750
164	2.500	2.750
165	2.750	2.750
166	3.000	2.750
167	3.250	2.750
168	3.500	2.750
169	3.750	2.750
170	4.000	2.750
171	4.250	2.750
172	4.500	2.750
173	4.750	2.750
174	1.250	3.000
175	1.500	3.000
176	1.750	3.000
177	2.000	3.000
178	2.250	3.000
179	2.500	3.000
180	2.750	3.000
181	3.000	3.000
182	3.250	3.000
183	3.500	3.000
184	3.750	3.000
185	4.000	3.000
186	4.250	3.000
187	4.500	3.000
188	4.750	3.000
189	1.250	3.250
190	1.500	3.250
191	1.750	3.250
192	2.000	3.250
193	2.250	3.250
194	2.500	3.250
195	2.750	3.250
196	3.000	3.250
197	3.250	3.250
198	3.500	3.250
199	3.750	3.250
200	4.000	3.250
201	4.250	3.250
202	4.500	3.250
203	4.750	3.250
204	1.250	3.500
205	1.500	3.500
206	1.750	3.500
207	2.000	3.500
208	2.250	3.500
209	2.500	3.500
210	2.750	3.500
211	3.000	3.500
212	3.250	3.500
213	3.500	3.500
214	3.750	3.500
215	4.000	3.500
216	4.250	3.500
217	4.500	3.500
218	4.750	3.500
219	1.250	3.750
220	1.500	3.750
221	1.750	3.750
222	2.000	3.750
223	2.250	3.750
224	2.500	3.750
225	2.750	3.750
226	3.000	3.750
227	3.250	3.750
228	3.500	3.750
229	3.750	3.750
230	4.000	3.750
231	4.250	3.750
232	4.500	3.750
233	4.750	3.750
234	1.250	4.000
235	1.500	4.000
236	1.750	4.000
237	2.000	4.000
238	2.250	4.000
239	2.500	4.000
240	2.750	4.000
241	3.000	4.000
242	3.250	4.000
243	3.500	4.000
244	3.750	4.000
245	4.000	4.000
246	4.250	4.000
247	4.500	4.000
248	4.750	4.000
249	1.250	4.250
250	1.500	4.250
251	1.750	4.250
252	2.000	4.250
253	2.250	4.250
254	2.500	4.250
255	2.750	4.250
256	3.000	4.250
257	3.250	4.250
258	3.500	4.250
259	3.750	4.250
260	4.000	4.250
261	4.250	4.250
262	4.500	4.250
263	4.750	4.250
264	1.250	4.500
265	1.500	4.500
266	1.750	4.500
267	2.000	4.500
268	2.250	4.500
269	2.500	4.500
270	2.750	4.500
271	3.000	4.500
272	3.250	4.500
273	3.500	4.500
274	3.750	4.500
275	4.000	4.500
276	4.250	4.500
277	4.500	4.500
278	4.750	4.500
279	1.250	4.750
280	1.500	4.750
281	1.750	4.750
282	2.000	4.750
283	2.250	4.750
284	2.500	4.750
285	2.750	4.750
286	3.000	4.750
287	3.250	4.750
288	3.500	4.750
289	3.750	4.750
290	4.000	4.750
291	4.250	4.750
292	4.500	4.750
293	4.750	4.750
