#############################################################################
                  ARQUIVO DE ENTRADA DE DADOS
           PARA A DISCRETIZACAO DE UM SOLIDO  2486
             ATRAVES DO MESHLESS LOCAL PETROV-GALERKIN
#############################################################################
____________________________________________________________________________
   N DE PONTOS NO CONTORNO, N DE PONTOS NO DOMINIO,MAX PONTOS NO SUPORTE,
N DE CANTOS, TIPO DE APROX. P OBT. DAS FUNÇ. DE FORMA (1-LIN.,2-QUAD,3-CUB.)   
____________________________________________________________________________
   36,49,35,4,2
____________________________________________________________________________
   N DE P. DE GAUSS, MÓDULO DE ELASTICIDADE, COEF. POISSON,Espessura,CARGA,
 N DE NOS COM VALORES PRESCRITOS # DE ZERO,PONTOS ADICIONAIS NO SUPORTE
____________________________________________________________________________
   
  8,2000000.,.3,1.,-0.64,0,3
____________________________________________________________________________
   Min de pontos no suporte do Pto de Gauss, PENALIDADE,
   FATOR DE AMPLIAÇAO DO SUPORTE DE INTEGRAÇÃO
____________________________________________________________________________
	10,1.E-15,1.
____________________________________________________________________________
  NO DO CONT, COORD. X, COORD Y,NO DE CANTO (0-NÃO, 1-SIM),
	CANTO ANT(SENT ANTI-HORARIO POSITIVO), TIPO DE PRESC (0-FORÇA, 1- DESL.)
											(Mn OU 0n) (Mns OU 0s) (Vn OU W)
_____________________________________________________________________________
1	1.00	1.00	1	28	1	1	1
2	1.50	1.00	0	0	1	1	1
3	2.00	1.00	0	0	1	1	1
4	2.50	1.00	0	0	1	1	1
5	3.00	1.00	0	0	1	1	1
6	3.50	1.00	0	0	1	1	1
7	4.00	1.00	0	0	1	1	1
8	4.50	1.00	0	0	1	1	1
9	5.00	1.00	0	0	1	1	1
10	5.00	1.00	1	1	1	1	1
11	5.00	1.50	0	0	1	1	1
12	5.00	2.00	0	0	1	1	1
13	5.00	2.50	0	0	1	1	1
14	5.00	3.00	0	0	1	1	1
15	5.00	3.50	0	0	1	1	1
16	5.00	4.00	0	0	1	1	1
17	5.00	4.50	0	0	1	1	1
18	5.00	5.00	0	0	1	1	1
19	5.00	5.00	1	10	1	1	1
20	4.50	5.00	0	0	1	1	1
21	4.00	5.00	0	0	1	1	1
22	3.50	5.00	0	0	1	1	1
23	3.00	5.00	0	0	1	1	1
24	2.50	5.00	0	0	1	1	1
25	2.00	5.00	0	0	1	1	1
26	1.50	5.00	0	0	1	1	1
27	1.00	5.00	0	0	1	1	1
28	1.00	5.00	1	19	1	1	1
29	1.00	4.50	0	0	1	1	1
30	1.00	4.00	0	0	1	1	1
31	1.00	3.50	0	0	1	1	1
32	1.00	3.00	0	0	1	1	1
33	1.00	2.50	0	0	1	1	1
34	1.00	2.00	0	0	1	1	1
35	1.00	1.50	0	0	1	1	1
36	1.00	1.00	0	0	1	1	1
_____________________________________________________________________________
 NÓS DO CONTORNO COM VALORES PRESCRITOS DIFERENTES DE ZERO (por enquanto todos os nós de um lado 
 NO   (Mn OU 0n)  (Ms OU 0s)	(Vn OU W) 					recebem a mesma prescrição do canto inicial do lado)  
_____________________________________________________________________________
_____________________________________________________________________________
  NO INTERNO, COORD X, COORD Y
_____________________________________________________________________________
37	1.50	1.50
38	2.00	1.50
39	2.50	1.50
40	3.00	1.50
41	3.50	1.50
42	4.00	1.50
43	4.50	1.50
44	1.50	2.00
45	2.00	2.00
46	2.50	2.00
47	3.00	2.00
48	3.50	2.00
49	4.00	2.00
50	4.50	2.00
51	1.50	2.50
52	2.00	2.50
53	2.50	2.50
54	3.00	2.50
55	3.50	2.50
56	4.00	2.50
57	4.50	2.50
58	1.50	3.00
59	2.00	3.00
60	2.50	3.00
61	3.00	3.00
62	3.50	3.00
63	4.00	3.00
64	4.50	3.00
65	1.50	3.50
66	2.00	3.50
67	2.50	3.50
68	3.00	3.50
69	3.50	3.50
70	4.00	3.50
71	4.50	3.50
72	1.50	4.00
73	2.00	4.00
74	2.50	4.00
75	3.00	4.00
76	3.50	4.00
77	4.00	4.00
78	4.50	4.00
79	1.50	4.50
80	2.00	4.50
81	2.50	4.50
82	3.00	4.50
83	3.50	4.50
84	4.00	4.50
85	4.50	4.50



 
 
 
 
 

 