#############################################################################
                  ARQUIVO DE ENTRADA DE DADOS
           PARA A DISCRETIZACAO DE UM SOLIDO  2486
             ATRAVES DO MESHLESS LOCAL PETROV-GALERKIN
#############################################################################
____________________________________________________________________________
   N DE PONTOS NO CONTORNO, N DE PONTOS NO DOMINIO,MAX PONTOS NO SUPORTE,
N DE CANTOS, TIPO DE APROX. P OBT. DAS FUNÇ. DE FORMA (1-LIN.,2-QUAD,3-CUB.)   
____________________________________________________________________________
   68,225,25,4,2
____________________________________________________________________________
   N DE P. DE GAUSS, MÓDULO DE ELASTICIDADE, COEF. POISSON,Espessura,CARGA,
 N DE NOS COM VALORES PRESCRITOS # DE ZERO,PONTOS ADICIONAIS NO SUPORTE
____________________________________________________________________________
   
   8,2000000.,0.3,.05,-0.64,0,3
____________________________________________________________________________
   Min de pontos no suporte do Pto de Gauss, PENALIDADE,
   FATOR DE AMPLIAÇAO DO SUPORTE DE INTEGRAÇÃO
____________________________________________________________________________
	25,1.E-12,1. 
____________________________________________________________________________
  NO DO CONT, COORD. X, COORD Y,NO DE CANTO (0-NÃO OU FINAL, 1-INICIAL),
	CANTO ANTERIOR SOMENTE PARA CANTO INICIAL(SENT ANTI-HORARIO POSITIVO), 
	TIPO DE PRESC (0-FORÇA, 1- DESL.) (Mn OU 0n) (Mns OU 0s) (Vn OU W)
_____________________________________________________________________________
1	1.000000	1.000000	1	52	1	1	1
2	1.062500	1.000000	0	0	1	1	1
3	1.125000	1.000000	0	0	1	1	1
4	1.187500	1.000000	0	0	1	1	1
5	1.250000	1.000000	0	0	1	1	1
6	1.312500	1.000000	0	0	1	1	1
7	1.375000	1.000000	0	0	1	1	1
8	1.437500	1.000000	0	0	1	1	1
9	1.500000	1.000000	0	0	1	1	1
10	1.562500	1.000000	0	0	1	1	1
11	1.625000	1.000000	0	0	1	1	1
12	1.687500	1.000000	0	0	1	1	1
13	1.750000	1.000000	0	0	1	1	1
14	1.812500	1.000000	0	0	1	1	1
15	1.875000	1.000000	0	0	1	1	1
16	1.937500	1.000000	0	0	1	1	1
17	2.000000	1.000000	0	0	1	1	1
18	2.000000	1.000000	1	1	1	1	1
19	2.031250	1.062500	0	0	1	1	1
20	2.062500	1.125000	0	0	1	1	1
21	2.093750	1.187500	0	0	1	1	1
22	2.125000	1.250000	0	0	1	1	1
23	2.156250	1.312500	0	0	1	1	1
24	2.187500	1.375000	0	0	1	1	1
25	2.218750	1.437500	0	0	1	1	1
26	2.250000	1.500000	0	0	1	1	1
27	2.281250	1.562500	0	0	1	1	1
28	2.312500	1.625000	0	0	1	1	1
29	2.343750	1.687500	0	0	1	1	1
30	2.375000	1.750000	0	0	1	1	1
31	2.406250	1.812500	0	0	1	1	1
32	2.437500	1.875000	0	0	1	1	1
33	2.468750	1.937500	0	0	1	1	1
34	2.500000	2.000000	0	0	1	1	1
35	2.500000	2.000000	1	18	1	1	1
36	2.437500	2.000000	0	0	1	1	1
37	2.375000	2.000000	0	0	1	1	1
38	2.312500	2.000000	0	0	1	1	1
39	2.250000	2.000000	0	0	1	1	1
40	2.187500	2.000000	0	0	1	1	1
41	2.125000	2.000000	0	0	1	1	1
42	2.062500	2.000000	0	0	1	1	1
43	2.000000	2.000000	0	0	1	1	1
44	1.937500	2.000000	0	0	1	1	1
45	1.875000	2.000000	0	0	1	1	1
46	1.812500	2.000000	0	0	1	1	1
47	1.750000	2.000000	0	0	1	1	1
48	1.687500	2.000000	0	0	1	1	1
49	1.625000	2.000000	0	0	1	1	1
50	1.562500	2.000000	0	0	1	1	1
51	1.500000	2.000000	0	0	1	1	1
52	1.500000	2.000000	1	35	1	1	1
53	1.468750	1.937500	0	0	1	1	1
54	1.437500	1.875000	0	0	1	1	1
55	1.406250	1.812500	0	0	1	1	1
56	1.375000	1.750000	0	0	1	1	1
57	1.343750	1.687500	0	0	1	1	1
58	1.312500	1.625000	0	0	1	1	1
59	1.281250	1.562500	0	0	1	1	1
60	1.250000	1.500000	0	0	1	1	1
61	1.218750	1.437500	0	0	1	1	1
62	1.187500	1.375000	0	0	1	1	1
63	1.156250	1.312500	0	0	1	1	1
64	1.125000	1.250000	0	0	1	1	1
65	1.093750	1.187500	0	0	1	1	1
66	1.062500	1.125000	0	0	1	1	1
67	1.031250	1.062500	0	0	1	1	1
68	1.000000	1.000000	0	0	1	1	1
_____________________________________________________________________________
 NÓS DO CONTORNO COM VALORES PRESCRITOS DIFERENTES DE ZERO (por enquanto todos os nós de um lado 
 NO   (Mn OU 0n)  (Ms OU 0s)	(Vn OU W) 					recebem a mesma prescrição do canto inicial do lado)  
_____________________________________________________________________________
_____________________________________________________________________________
  NO INTERNO, COORD X, COORD Y
_____________________________________________________________________________
69	1.093750	1.062500
70	1.156250	1.062500
71	1.218750	1.062500
72	1.281250	1.062500
73	1.343750	1.062500
74	1.406250	1.062500
75	1.468750	1.062500
76	1.531250	1.062500
77	1.593750	1.062500
78	1.656250	1.062500
79	1.718750	1.062500
80	1.781250	1.062500
81	1.843750	1.062500
82	1.906250	1.062500
83	1.968750	1.062500
84	1.125000	1.125000
85	1.187500	1.125000
86	1.250000	1.125000
87	1.312500	1.125000
88	1.375000	1.125000
89	1.437500	1.125000
90	1.500000	1.125000
91	1.562500	1.125000
92	1.625000	1.125000
93	1.687500	1.125000
94	1.750000	1.125000
95	1.812500	1.125000
96	1.875000	1.125000
97	1.937500	1.125000
98	2.000000	1.125000
99	1.156250	1.187500
100	1.218750	1.187500
101	1.281250	1.187500
102	1.343750	1.187500
103	1.406250	1.187500
104	1.468750	1.187500
105	1.531250	1.187500
106	1.593750	1.187500
107	1.656250	1.187500
108	1.718750	1.187500
109	1.781250	1.187500
110	1.843750	1.187500
111	1.906250	1.187500
112	1.968750	1.187500
113	2.031250	1.187500
114	1.187500	1.250000
115	1.250000	1.250000
116	1.312500	1.250000
117	1.375000	1.250000
118	1.437500	1.250000
119	1.500000	1.250000
120	1.562500	1.250000
121	1.625000	1.250000
122	1.687500	1.250000
123	1.750000	1.250000
124	1.812500	1.250000
125	1.875000	1.250000
126	1.937500	1.250000
127	2.000000	1.250000
128	2.062500	1.250000
129	1.218750	1.312500
130	1.281250	1.312500
131	1.343750	1.312500
132	1.406250	1.312500
133	1.468750	1.312500
134	1.531250	1.312500
135	1.593750	1.312500
136	1.656250	1.312500
137	1.718750	1.312500
138	1.781250	1.312500
139	1.843750	1.312500
140	1.906250	1.312500
141	1.968750	1.312500
142	2.031250	1.312500
143	2.093750	1.312500
144	1.250000	1.375000
145	1.312500	1.375000
146	1.375000	1.375000
147	1.437500	1.375000
148	1.500000	1.375000
149	1.562500	1.375000
150	1.625000	1.375000
151	1.687500	1.375000
152	1.750000	1.375000
153	1.812500	1.375000
154	1.875000	1.375000
155	1.937500	1.375000
156	2.000000	1.375000
157	2.062500	1.375000
158	2.125000	1.375000
159	1.281250	1.437500
160	1.343750	1.437500
161	1.406250	1.437500
162	1.468750	1.437500
163	1.531250	1.437500
164	1.593750	1.437500
165	1.656250	1.437500
166	1.718750	1.437500
167	1.781250	1.437500
168	1.843750	1.437500
169	1.906250	1.437500
170	1.968750	1.437500
171	2.031250	1.437500
172	2.093750	1.437500
173	2.156250	1.437500
174	1.312500	1.500000
175	1.375000	1.500000
176	1.437500	1.500000
177	1.500000	1.500000
178	1.562500	1.500000
179	1.625000	1.500000
180	1.687500	1.500000
181	1.750000	1.500000
182	1.812500	1.500000
183	1.875000	1.500000
184	1.937500	1.500000
185	2.000000	1.500000
186	2.062500	1.500000
187	2.125000	1.500000
188	2.187500	1.500000
189	1.343750	1.562500
190	1.406250	1.562500
191	1.468750	1.562500
192	1.531250	1.562500
193	1.593750	1.562500
194	1.656250	1.562500
195	1.718750	1.562500
196	1.781250	1.562500
197	1.843750	1.562500
198	1.906250	1.562500
199	1.968750	1.562500
200	2.031250	1.562500
201	2.093750	1.562500
202	2.156250	1.562500
203	2.218750	1.562500
204	1.375000	1.625000
205	1.437500	1.625000
206	1.500000	1.625000
207	1.562500	1.625000
208	1.625000	1.625000
209	1.687500	1.625000
210	1.750000	1.625000
211	1.812500	1.625000
212	1.875000	1.625000
213	1.937500	1.625000
214	2.000000	1.625000
215	2.062500	1.625000
216	2.125000	1.625000
217	2.187500	1.625000
218	2.250000	1.625000
219	1.406250	1.687500
220	1.468750	1.687500
221	1.531250	1.687500
222	1.593750	1.687500
223	1.656250	1.687500
224	1.718750	1.687500
225	1.781250	1.687500
226	1.843750	1.687500
227	1.906250	1.687500
228	1.968750	1.687500
229	2.031250	1.687500
230	2.093750	1.687500
231	2.156250	1.687500
232	2.218750	1.687500
233	2.281250	1.687500
234	1.437500	1.750000
235	1.500000	1.750000
236	1.562500	1.750000
237	1.625000	1.750000
238	1.687500	1.750000
239	1.750000	1.750000
240	1.812500	1.750000
241	1.875000	1.750000
242	1.937500	1.750000
243	2.000000	1.750000
244	2.062500	1.750000
245	2.125000	1.750000
246	2.187500	1.750000
247	2.250000	1.750000
248	2.312500	1.750000
249	1.468750	1.812500
250	1.531250	1.812500
251	1.593750	1.812500
252	1.656250	1.812500
253	1.718750	1.812500
254	1.781250	1.812500
255	1.843750	1.812500
256	1.906250	1.812500
257	1.968750	1.812500
258	2.031250	1.812500
259	2.093750	1.812500
260	2.156250	1.812500
261	2.218750	1.812500
262	2.281250	1.812500
263	2.343750	1.812500
264	1.500000	1.875000
265	1.562500	1.875000
266	1.625000	1.875000
267	1.687500	1.875000
268	1.750000	1.875000
269	1.812500	1.875000
270	1.875000	1.875000
271	1.937500	1.875000
272	2.000000	1.875000
273	2.062500	1.875000
274	2.125000	1.875000
275	2.187500	1.875000
276	2.250000	1.875000
277	2.312500	1.875000
278	2.375000	1.875000
279	1.531250	1.937500
280	1.593750	1.937500
281	1.656250	1.937500
282	1.718750	1.937500
283	1.781250	1.937500
284	1.843750	1.937500
285	1.906250	1.937500
286	1.968750	1.937500
287	2.031250	1.937500
288	2.093750	1.937500
289	2.156250	1.937500
290	2.218750	1.937500
291	2.281250	1.937500
292	2.343750	1.937500
293	2.406250	1.937500
