  3     -0.52605E-06
  4     -0.52538E-06
  5     -0.52508E-06
  6     -0.50229E-06
  7     -0.52205E-06
  8     -0.52280E-06
  9     -0.52371E-06
 10     -0.52069E-06
 11     -0.52237E-06
 12     -0.52167E-06
 13     -0.52233E-06
 14     -0.52297E-06
 15     -0.52213E-06
 16     -0.52204E-06
 17     -0.52180E-06
 18     -0.52197E-06
 19     -0.52202E-06
 20     -0.52193E-06
 21     -0.52194E-06
 22     -0.52195E-06
 23     -0.52189E-06
 24     -0.52191E-06
 25     -0.52188E-06
 26     -0.52191E-06
 27     -0.52195E-06
 28     -0.52190E-06
 29     -0.52192E-06
 30     -0.52191E-06
 31     -0.52195E-06
 32     -0.52192E-06
 33     -0.52193E-06
 34     -0.52192E-06
 35     -0.52196E-06
 36     -0.52197E-06
 37     -0.52201E-06
 38     -0.52196E-06
 39     -0.52198E-06
 40     -0.52196E-06
 41     -0.52198E-06
 42     -0.52196E-06
 43     -0.52195E-06
 44     -0.52199E-06
 45     -0.52199E-06
 46     -0.52196E-06
 47     -0.52197E-06
 48     -0.52197E-06
 49     -0.52194E-06
 50     -0.52195E-06
 51     -0.52194E-06
 52     -0.52193E-06
 53     -0.52193E-06
 54     -0.52193E-06
 55     -0.52194E-06
 56     -0.52193E-06
 57     -0.52193E-06
 58     -0.52190E-06
 59     -0.52191E-06
 60     -0.52190E-06
 61     -0.52192E-06
 62     -0.52190E-06
 63     -0.52184E-06
 64     -0.52183E-06
 65     -0.52183E-06
 66     -0.52184E-06
 67     -0.52184E-06
 68     -0.52186E-06
 69     -0.52184E-06
 70     -0.52182E-06
 71     -0.52181E-06
 72     -0.52181E-06
 73     -0.52179E-06
 74     -0.52179E-06
 75     -0.52179E-06
 76     -0.52179E-06
 77     -0.52179E-06
 78     -0.52178E-06
 79     -0.52178E-06
 80     -0.52176E-06
 81     -0.52178E-06
 82     -0.52178E-06
 83     -0.52176E-06
 84     -0.52176E-06
 85     -0.52176E-06
 86     -0.52175E-06
 87     -0.52175E-06
 88     -0.52174E-06
 89     -0.52176E-06
 90     -0.52177E-06
 91     -0.52176E-06
 92     -0.52178E-06
 93     -0.52176E-06
 94     -0.52176E-06
 95     -0.52175E-06
 96     -0.52178E-06
 97     -0.52178E-06
 98     -0.52178E-06
 99     -0.52174E-06
100     -0.52172E-06
